05.45
10.19
11.16
08.09
03.07
06.43
12.28
06.28
07.50
06.43
11.02
05.45
10.33
06.43
06.43
06.38
10.48
04.04
12.00
11.31
09.36
11.45
09.50
03.36
05.12
06.28
05.40
06.28
08.48
05.12
02.52
06.52
05.55
11.45
05.45
04.19
10.33
07.26
03.21
01.12
11.31
10.19
02.09
10.33
06.14
08.19
06.09
11.16
03.21
02.38
10.04
12.57
02.52
12.14
04.48
09.36
06.57
09.50
03.50
08.04
11.02
06.14
06.09
06.28
06.09
06.00
05.45
05.45
11.02
05.45
04.48
01.12
10.19
06.28
12.57
10.19
06.00
12.28
11.16
05.31
05.02
10.04
06.14
05.02
10.04
06.43
06.00
12.14
05.02
07.36
12.00
05.45
08.48
10.33
06.57
08.52
06.14
11.31
12.00
08.24